version https://git-lfs.github.com/spec/v1
oid sha256:7f5a92b2828f86d5de57b6670aec417f951ff52be60caf27b4b10b717aa941ce
size 22820
